version https://git-lfs.github.com/spec/v1
oid sha256:4763ed048ccd627385e770158daf8d7135fc27f4cbd5615b4a4f967e01b41066
size 408727240
